{
 "cells": [
  {
   "cell_type": "markdown",
   "metadata": {},
   "source": [
    "# Taking a Look at MAESTRO Data with Chromagen"
   ]
  },
  {
   "cell_type": "markdown",
   "metadata": {},
   "source": [
    "The MAESTRO dataset includes WAV/MIDI file pairs of piano compositions, and metadata in the form of .csv and .json files. My goal is to use the Chromagen module for an exploratory k-means clustering analysis of a set of WAV files. I'll ignore the MIDI files in this demo, and take the output of Chromagen.chromaweights() as our feature vector for each file."
   ]
  },
  {
   "cell_type": "code",
   "execution_count": 1,
   "metadata": {},
   "outputs": [],
   "source": [
    "import numpy as np #for linear algebra\n",
    "import pandas as pd #for nice databases\n",
    "from scipy.io.wavfile import read as wavread #we can read wavfiles this way\n",
    "import zipfile as z #to get to the dataset\n",
    "import chromagen as cg"
   ]
  },
  {
   "cell_type": "code",
   "execution_count": 2,
   "metadata": {},
   "outputs": [],
   "source": [
    "#since the dataset .zip has more than one file in it, we can't create a dataframe directly from the zip\n",
    "file = z.ZipFile(\"D:/Datasets/maestro-v1.0.0.zip\")\n",
    "#extracted just the .csv holding our metadata\n",
    "file.extract(\"maestro-v1.0.0/maestro-v1.0.0.csv\", path = \"D:/Datasets\")\n",
    "#now create a pandas dataframe using the csv\n",
    "df = pd.read_csv(\"D:/Datasets/maestro-v1.0.0/maestro-v1.0.0.csv\")"
   ]
  },
  {
   "cell_type": "code",
   "execution_count": 3,
   "metadata": {},
   "outputs": [
    {
     "data": {
      "text/html": [
       "<div>\n",
       "<style scoped>\n",
       "    .dataframe tbody tr th:only-of-type {\n",
       "        vertical-align: middle;\n",
       "    }\n",
       "\n",
       "    .dataframe tbody tr th {\n",
       "        vertical-align: top;\n",
       "    }\n",
       "\n",
       "    .dataframe thead th {\n",
       "        text-align: right;\n",
       "    }\n",
       "</style>\n",
       "<table border=\"1\" class=\"dataframe\">\n",
       "  <thead>\n",
       "    <tr style=\"text-align: right;\">\n",
       "      <th></th>\n",
       "      <th>canonical_composer</th>\n",
       "      <th>canonical_title</th>\n",
       "      <th>split</th>\n",
       "      <th>year</th>\n",
       "      <th>midi_filename</th>\n",
       "      <th>audio_filename</th>\n",
       "      <th>duration</th>\n",
       "    </tr>\n",
       "  </thead>\n",
       "  <tbody>\n",
       "    <tr>\n",
       "      <th>0</th>\n",
       "      <td>Alban Berg</td>\n",
       "      <td>Sonata Op. 1</td>\n",
       "      <td>train</td>\n",
       "      <td>2017</td>\n",
       "      <td>2017/MIDI-Unprocessed_066_PIANO066_MID--AUDIO-...</td>\n",
       "      <td>2017/MIDI-Unprocessed_066_PIANO066_MID--AUDIO-...</td>\n",
       "      <td>464.649433</td>\n",
       "    </tr>\n",
       "    <tr>\n",
       "      <th>1</th>\n",
       "      <td>Alban Berg</td>\n",
       "      <td>Sonata Op. 1</td>\n",
       "      <td>train</td>\n",
       "      <td>2008</td>\n",
       "      <td>2008/MIDI-Unprocessed_03_R2_2008_01-03_ORIG_MI...</td>\n",
       "      <td>2008/MIDI-Unprocessed_03_R2_2008_01-03_ORIG_MI...</td>\n",
       "      <td>759.518471</td>\n",
       "    </tr>\n",
       "    <tr>\n",
       "      <th>2</th>\n",
       "      <td>Alexander Scriabin</td>\n",
       "      <td>24 Preludes Op. 11, No. 13-24</td>\n",
       "      <td>train</td>\n",
       "      <td>2004</td>\n",
       "      <td>2004/MIDI-Unprocessed_XP_21_R1_2004_01_ORIG_MI...</td>\n",
       "      <td>2004/MIDI-Unprocessed_XP_21_R1_2004_01_ORIG_MI...</td>\n",
       "      <td>872.640588</td>\n",
       "    </tr>\n",
       "    <tr>\n",
       "      <th>3</th>\n",
       "      <td>Alexander Scriabin</td>\n",
       "      <td>3 Etudes, Op. 65</td>\n",
       "      <td>test</td>\n",
       "      <td>2006</td>\n",
       "      <td>2006/MIDI-Unprocessed_17_R1_2006_01-06_ORIG_MI...</td>\n",
       "      <td>2006/MIDI-Unprocessed_17_R1_2006_01-06_ORIG_MI...</td>\n",
       "      <td>397.857508</td>\n",
       "    </tr>\n",
       "    <tr>\n",
       "      <th>4</th>\n",
       "      <td>Alexander Scriabin</td>\n",
       "      <td>5 Preludes, Op.15</td>\n",
       "      <td>train</td>\n",
       "      <td>2009</td>\n",
       "      <td>2009/MIDI-Unprocessed_07_R1_2009_04-05_ORIG_MI...</td>\n",
       "      <td>2009/MIDI-Unprocessed_07_R1_2009_04-05_ORIG_MI...</td>\n",
       "      <td>400.557826</td>\n",
       "    </tr>\n",
       "  </tbody>\n",
       "</table>\n",
       "</div>"
      ],
      "text/plain": [
       "   canonical_composer                canonical_title  split  year  \\\n",
       "0          Alban Berg                   Sonata Op. 1  train  2017   \n",
       "1          Alban Berg                   Sonata Op. 1  train  2008   \n",
       "2  Alexander Scriabin  24 Preludes Op. 11, No. 13-24  train  2004   \n",
       "3  Alexander Scriabin               3 Etudes, Op. 65   test  2006   \n",
       "4  Alexander Scriabin              5 Preludes, Op.15  train  2009   \n",
       "\n",
       "                                       midi_filename  \\\n",
       "0  2017/MIDI-Unprocessed_066_PIANO066_MID--AUDIO-...   \n",
       "1  2008/MIDI-Unprocessed_03_R2_2008_01-03_ORIG_MI...   \n",
       "2  2004/MIDI-Unprocessed_XP_21_R1_2004_01_ORIG_MI...   \n",
       "3  2006/MIDI-Unprocessed_17_R1_2006_01-06_ORIG_MI...   \n",
       "4  2009/MIDI-Unprocessed_07_R1_2009_04-05_ORIG_MI...   \n",
       "\n",
       "                                      audio_filename    duration  \n",
       "0  2017/MIDI-Unprocessed_066_PIANO066_MID--AUDIO-...  464.649433  \n",
       "1  2008/MIDI-Unprocessed_03_R2_2008_01-03_ORIG_MI...  759.518471  \n",
       "2  2004/MIDI-Unprocessed_XP_21_R1_2004_01_ORIG_MI...  872.640588  \n",
       "3  2006/MIDI-Unprocessed_17_R1_2006_01-06_ORIG_MI...  397.857508  \n",
       "4  2009/MIDI-Unprocessed_07_R1_2009_04-05_ORIG_MI...  400.557826  "
      ]
     },
     "execution_count": 3,
     "metadata": {},
     "output_type": "execute_result"
    }
   ],
   "source": [
    "##let's take a look at the metadata\n",
    "df.head()"
   ]
  },
  {
   "cell_type": "markdown",
   "metadata": {},
   "source": [
    "It would take some time to extract all of these files, and we don't need a huge dataset for our basic exploration. Let's take a subset of the 954 WAV files listed as \"training\" files to narrow the field a bit. I'll choose only the WAV files whose corresponding MIDI file is between 100 and 200 seconds."
   ]
  },
  {
   "cell_type": "code",
   "execution_count": 4,
   "metadata": {},
   "outputs": [],
   "source": [
    "df.query('split == \"train\" and 100<duration<200', inplace = True)"
   ]
  },
  {
   "cell_type": "code",
   "execution_count": 5,
   "metadata": {},
   "outputs": [
    {
     "data": {
      "text/html": [
       "<div>\n",
       "<style scoped>\n",
       "    .dataframe tbody tr th:only-of-type {\n",
       "        vertical-align: middle;\n",
       "    }\n",
       "\n",
       "    .dataframe tbody tr th {\n",
       "        vertical-align: top;\n",
       "    }\n",
       "\n",
       "    .dataframe thead th {\n",
       "        text-align: right;\n",
       "    }\n",
       "</style>\n",
       "<table border=\"1\" class=\"dataframe\">\n",
       "  <thead>\n",
       "    <tr style=\"text-align: right;\">\n",
       "      <th></th>\n",
       "      <th>canonical_composer</th>\n",
       "      <th>canonical_title</th>\n",
       "      <th>split</th>\n",
       "      <th>year</th>\n",
       "      <th>midi_filename</th>\n",
       "      <th>audio_filename</th>\n",
       "      <th>duration</th>\n",
       "    </tr>\n",
       "  </thead>\n",
       "  <tbody>\n",
       "    <tr>\n",
       "      <th>8</th>\n",
       "      <td>Alexander Scriabin</td>\n",
       "      <td>Etude Op. 8, No. 13</td>\n",
       "      <td>train</td>\n",
       "      <td>2009</td>\n",
       "      <td>2009/MIDI-Unprocessed_02_R1_2009_03-06_ORIG_MI...</td>\n",
       "      <td>2009/MIDI-Unprocessed_02_R1_2009_03-06_ORIG_MI...</td>\n",
       "      <td>167.085837</td>\n",
       "    </tr>\n",
       "    <tr>\n",
       "      <th>9</th>\n",
       "      <td>Alexander Scriabin</td>\n",
       "      <td>Etude in D-flat Major, Op. 8 No. 10</td>\n",
       "      <td>train</td>\n",
       "      <td>2011</td>\n",
       "      <td>2011/MIDI-Unprocessed_15_R1_2011_MID--AUDIO_R1...</td>\n",
       "      <td>2011/MIDI-Unprocessed_15_R1_2011_MID--AUDIO_R1...</td>\n",
       "      <td>102.007110</td>\n",
       "    </tr>\n",
       "    <tr>\n",
       "      <th>34</th>\n",
       "      <td>Claude Debussy</td>\n",
       "      <td>\"Les collines d'Anacapri\" from Preludes, Book I</td>\n",
       "      <td>train</td>\n",
       "      <td>2008</td>\n",
       "      <td>2008/MIDI-Unprocessed_07_R3_2008_01-05_ORIG_MI...</td>\n",
       "      <td>2008/MIDI-Unprocessed_07_R3_2008_01-05_ORIG_MI...</td>\n",
       "      <td>166.495560</td>\n",
       "    </tr>\n",
       "    <tr>\n",
       "      <th>62</th>\n",
       "      <td>Claude Debussy</td>\n",
       "      <td>Ondine from Preludes, Book II</td>\n",
       "      <td>train</td>\n",
       "      <td>2008</td>\n",
       "      <td>2008/MIDI-Unprocessed_10_R3_2008_01-05_ORIG_MI...</td>\n",
       "      <td>2008/MIDI-Unprocessed_10_R3_2008_01-05_ORIG_MI...</td>\n",
       "      <td>193.301089</td>\n",
       "    </tr>\n",
       "    <tr>\n",
       "      <th>68</th>\n",
       "      <td>Claude Debussy</td>\n",
       "      <td>Preludes, Book II, III - La puerta del vino</td>\n",
       "      <td>train</td>\n",
       "      <td>2013</td>\n",
       "      <td>2013/ORIG-MIDI_01_7_8_13_Group__MID--AUDIO_02_...</td>\n",
       "      <td>2013/ORIG-MIDI_01_7_8_13_Group__MID--AUDIO_02_...</td>\n",
       "      <td>179.321402</td>\n",
       "    </tr>\n",
       "    <tr>\n",
       "      <th>...</th>\n",
       "      <td>...</td>\n",
       "      <td>...</td>\n",
       "      <td>...</td>\n",
       "      <td>...</td>\n",
       "      <td>...</td>\n",
       "      <td>...</td>\n",
       "      <td>...</td>\n",
       "    </tr>\n",
       "    <tr>\n",
       "      <th>1148</th>\n",
       "      <td>Sergei Rachmaninoff / György Cziffra</td>\n",
       "      <td>Flight of the Bumblebee</td>\n",
       "      <td>train</td>\n",
       "      <td>2006</td>\n",
       "      <td>2006/MIDI-Unprocessed_12_R1_2006_01-08_ORIG_MI...</td>\n",
       "      <td>2006/MIDI-Unprocessed_12_R1_2006_01-08_ORIG_MI...</td>\n",
       "      <td>114.583219</td>\n",
       "    </tr>\n",
       "    <tr>\n",
       "      <th>1149</th>\n",
       "      <td>Sergei Rachmaninoff / Vyacheslav Gryaznov</td>\n",
       "      <td>Italian Polka</td>\n",
       "      <td>train</td>\n",
       "      <td>2009</td>\n",
       "      <td>2009/MIDI-Unprocessed_04_R1_2009_04-06_ORIG_MI...</td>\n",
       "      <td>2009/MIDI-Unprocessed_04_R1_2009_04-06_ORIG_MI...</td>\n",
       "      <td>182.654732</td>\n",
       "    </tr>\n",
       "    <tr>\n",
       "      <th>1156</th>\n",
       "      <td>Wolfgang Amadeus Mozart</td>\n",
       "      <td>Sonata in B-flat Major, K. 281, First Movement</td>\n",
       "      <td>train</td>\n",
       "      <td>2011</td>\n",
       "      <td>2011/MIDI-Unprocessed_02_R1_2011_MID--AUDIO_R1...</td>\n",
       "      <td>2011/MIDI-Unprocessed_02_R1_2011_MID--AUDIO_R1...</td>\n",
       "      <td>183.087424</td>\n",
       "    </tr>\n",
       "    <tr>\n",
       "      <th>1178</th>\n",
       "      <td>Wolfgang Amadeus Mozart</td>\n",
       "      <td>Sonata in F Major, K. 280, 1st mov.</td>\n",
       "      <td>train</td>\n",
       "      <td>2013</td>\n",
       "      <td>2013/ORIG-MIDI_03_7_6_13_Group__MID--AUDIO_09_...</td>\n",
       "      <td>2013/ORIG-MIDI_03_7_6_13_Group__MID--AUDIO_09_...</td>\n",
       "      <td>192.605310</td>\n",
       "    </tr>\n",
       "    <tr>\n",
       "      <th>1181</th>\n",
       "      <td>Wolfgang Amadeus Mozart</td>\n",
       "      <td>Sonata in F Major, K280</td>\n",
       "      <td>train</td>\n",
       "      <td>2004</td>\n",
       "      <td>2004/MIDI-Unprocessed_XP_14_R1_2004_04_ORIG_MI...</td>\n",
       "      <td>2004/MIDI-Unprocessed_XP_14_R1_2004_04_ORIG_MI...</td>\n",
       "      <td>114.696243</td>\n",
       "    </tr>\n",
       "  </tbody>\n",
       "</table>\n",
       "<p>123 rows × 7 columns</p>\n",
       "</div>"
      ],
      "text/plain": [
       "                             canonical_composer  \\\n",
       "8                            Alexander Scriabin   \n",
       "9                            Alexander Scriabin   \n",
       "34                               Claude Debussy   \n",
       "62                               Claude Debussy   \n",
       "68                               Claude Debussy   \n",
       "...                                         ...   \n",
       "1148       Sergei Rachmaninoff / György Cziffra   \n",
       "1149  Sergei Rachmaninoff / Vyacheslav Gryaznov   \n",
       "1156                    Wolfgang Amadeus Mozart   \n",
       "1178                    Wolfgang Amadeus Mozart   \n",
       "1181                    Wolfgang Amadeus Mozart   \n",
       "\n",
       "                                      canonical_title  split  year  \\\n",
       "8                                 Etude Op. 8, No. 13  train  2009   \n",
       "9                 Etude in D-flat Major, Op. 8 No. 10  train  2011   \n",
       "34    \"Les collines d'Anacapri\" from Preludes, Book I  train  2008   \n",
       "62                      Ondine from Preludes, Book II  train  2008   \n",
       "68        Preludes, Book II, III - La puerta del vino  train  2013   \n",
       "...                                               ...    ...   ...   \n",
       "1148                          Flight of the Bumblebee  train  2006   \n",
       "1149                                    Italian Polka  train  2009   \n",
       "1156   Sonata in B-flat Major, K. 281, First Movement  train  2011   \n",
       "1178              Sonata in F Major, K. 280, 1st mov.  train  2013   \n",
       "1181                          Sonata in F Major, K280  train  2004   \n",
       "\n",
       "                                          midi_filename  \\\n",
       "8     2009/MIDI-Unprocessed_02_R1_2009_03-06_ORIG_MI...   \n",
       "9     2011/MIDI-Unprocessed_15_R1_2011_MID--AUDIO_R1...   \n",
       "34    2008/MIDI-Unprocessed_07_R3_2008_01-05_ORIG_MI...   \n",
       "62    2008/MIDI-Unprocessed_10_R3_2008_01-05_ORIG_MI...   \n",
       "68    2013/ORIG-MIDI_01_7_8_13_Group__MID--AUDIO_02_...   \n",
       "...                                                 ...   \n",
       "1148  2006/MIDI-Unprocessed_12_R1_2006_01-08_ORIG_MI...   \n",
       "1149  2009/MIDI-Unprocessed_04_R1_2009_04-06_ORIG_MI...   \n",
       "1156  2011/MIDI-Unprocessed_02_R1_2011_MID--AUDIO_R1...   \n",
       "1178  2013/ORIG-MIDI_03_7_6_13_Group__MID--AUDIO_09_...   \n",
       "1181  2004/MIDI-Unprocessed_XP_14_R1_2004_04_ORIG_MI...   \n",
       "\n",
       "                                         audio_filename    duration  \n",
       "8     2009/MIDI-Unprocessed_02_R1_2009_03-06_ORIG_MI...  167.085837  \n",
       "9     2011/MIDI-Unprocessed_15_R1_2011_MID--AUDIO_R1...  102.007110  \n",
       "34    2008/MIDI-Unprocessed_07_R3_2008_01-05_ORIG_MI...  166.495560  \n",
       "62    2008/MIDI-Unprocessed_10_R3_2008_01-05_ORIG_MI...  193.301089  \n",
       "68    2013/ORIG-MIDI_01_7_8_13_Group__MID--AUDIO_02_...  179.321402  \n",
       "...                                                 ...         ...  \n",
       "1148  2006/MIDI-Unprocessed_12_R1_2006_01-08_ORIG_MI...  114.583219  \n",
       "1149  2009/MIDI-Unprocessed_04_R1_2009_04-06_ORIG_MI...  182.654732  \n",
       "1156  2011/MIDI-Unprocessed_02_R1_2011_MID--AUDIO_R1...  183.087424  \n",
       "1178  2013/ORIG-MIDI_03_7_6_13_Group__MID--AUDIO_09_...  192.605310  \n",
       "1181  2004/MIDI-Unprocessed_XP_14_R1_2004_04_ORIG_MI...  114.696243  \n",
       "\n",
       "[123 rows x 7 columns]"
      ]
     },
     "execution_count": 5,
     "metadata": {},
     "output_type": "execute_result"
    }
   ],
   "source": [
    "df"
   ]
  },
  {
   "cell_type": "code",
   "execution_count": null,
   "metadata": {},
   "outputs": [],
   "source": [
    "#extract the files we care about one by one\n",
    "for index, row in df.iterrows():\n",
    "    filepath = row['audio_filename']\n",
    "    file.extract(\"maestro-v1.0.0/\" + filepath, path = \"D:/Datasets\")"
   ]
  },
  {
   "cell_type": "code",
   "execution_count": 8,
   "metadata": {},
   "outputs": [
    {
     "name": "stdout",
     "output_type": "stream",
     "text": [
      "[0.08034365 0.06379302 0.07681329 0.07323041 0.11602358 0.06250094\n",
      " 0.08610445 0.09109868 0.07510454 0.08570171 0.06263285 0.12665287]\n",
      "[0.0689926  0.0672908  0.06465488 0.09115101 0.11840943 0.05808915\n",
      " 0.07383285 0.06758128 0.12218867 0.09535198 0.06304161 0.10941573]\n",
      "[0.05190033 0.08067385 0.10508166 0.0500887  0.11567462 0.05147099\n",
      " 0.11002173 0.08116416 0.06132692 0.13904023 0.04329819 0.11025861]\n",
      "[0.10832836 0.08888347 0.07933737 0.05806829 0.10666205 0.08532142\n",
      " 0.10243977 0.07771449 0.06676716 0.08171774 0.07431955 0.07044034]\n",
      "[0.0570065  0.06767804 0.07346364 0.07882511 0.1112244  0.07610465\n",
      " 0.07619376 0.07970609 0.09965775 0.07063581 0.07745896 0.13204527]\n",
      "[0.08546984 0.07329274 0.09306667 0.08456028 0.10439017 0.072242\n",
      " 0.09471742 0.07367113 0.08120452 0.07979362 0.07609339 0.08149823]\n",
      "[0.12253254 0.04471159 0.13716829 0.08977543 0.05933348 0.07812036\n",
      " 0.06697939 0.11958557 0.06857681 0.0627177  0.07604052 0.07445833]\n",
      "[0.06299605 0.05902813 0.11083708 0.0480759  0.15749292 0.10446958\n",
      " 0.05017585 0.09215701 0.06340923 0.12178726 0.06595437 0.06361663]\n",
      "[0.09043978 0.04937128 0.09034533 0.1035095  0.05718259 0.10936765\n",
      " 0.05484315 0.09734066 0.07915472 0.07568403 0.1355115  0.05724982]\n",
      "[0.12275518 0.05565516 0.08517888 0.05555977 0.09178129 0.12201477\n",
      " 0.05533784 0.11675548 0.07098829 0.08169804 0.07829422 0.06398108]\n",
      "[0.14379658 0.0495497  0.07852534 0.06438369 0.09276087 0.13705717\n",
      " 0.05566289 0.10116251 0.06898857 0.07129254 0.06429518 0.07252496]\n",
      "[0.13855007 0.04720371 0.09475324 0.05886515 0.0807725  0.11778252\n",
      " 0.05396305 0.11266409 0.0649218  0.09149277 0.0649589  0.07407218]\n",
      "[0.11468301 0.07013724 0.06176777 0.07264924 0.07139785 0.10091357\n",
      " 0.05751213 0.1126503  0.12028306 0.05685334 0.10273962 0.05841285]\n",
      "[0.11104301 0.0490843  0.0828799  0.06806836 0.09252682 0.14536116\n",
      " 0.05779813 0.08287884 0.05915852 0.09709964 0.08746863 0.06663268]\n",
      "[0.04911217 0.07318614 0.06530505 0.1175427  0.07078085 0.08584572\n",
      " 0.08126508 0.06563446 0.11483122 0.05478583 0.10160339 0.12010739]\n",
      "[0.10226856 0.04534418 0.09353516 0.08422191 0.07944169 0.05854051\n",
      " 0.06339579 0.17748843 0.07546013 0.06398044 0.07411323 0.08220999]\n",
      "[0.06436025 0.06469622 0.1147771  0.05761143 0.08575525 0.062217\n",
      " 0.10816748 0.12003429 0.0595354  0.1056548  0.09375851 0.06343228]\n",
      "[0.08923895 0.07247761 0.07666267 0.07072978 0.10825088 0.07952946\n",
      " 0.08251923 0.06400683 0.09833351 0.105431   0.05768906 0.09513103]\n",
      "[0.08908568 0.06967193 0.07347091 0.08283653 0.12127521 0.08970839\n",
      " 0.07652618 0.06805189 0.08886556 0.09514853 0.06504038 0.08031882]\n",
      "[0.09471744 0.07744203 0.07517383 0.07031113 0.10574202 0.08369878\n",
      " 0.06920661 0.06558488 0.10137645 0.09563883 0.05213127 0.10897673]\n",
      "[0.09906136 0.06327667 0.08048998 0.10515061 0.06845764 0.08604451\n",
      " 0.07748067 0.12092004 0.08952909 0.07005857 0.05961516 0.0799157 ]\n",
      "[0.04914774 0.10013437 0.06381919 0.1170444  0.08891196 0.083393\n",
      " 0.11529745 0.04298472 0.08788517 0.05126322 0.10258978 0.097529  ]\n",
      "[0.05116812 0.09941726 0.06389192 0.11536848 0.09040705 0.0849715\n",
      " 0.10752804 0.04658974 0.08881373 0.05356214 0.10015422 0.09812779]\n",
      "[0.04659508 0.11042932 0.06517943 0.09747557 0.07738449 0.08423574\n",
      " 0.12232304 0.04783288 0.07987306 0.05291893 0.1105498  0.10520266]\n",
      "[0.14448809 0.06916396 0.06441236 0.07700186 0.05947216 0.10561255\n",
      " 0.05709376 0.11095041 0.12416971 0.04996178 0.06745825 0.07021514]\n",
      "[0.07733772 0.1100012  0.05851393 0.08209738 0.06775535 0.09301686\n",
      " 0.08160258 0.05538096 0.19700433 0.06204206 0.05022585 0.06502177]\n",
      "[0.07412692 0.09888338 0.05062772 0.07891686 0.05990336 0.09339893\n",
      " 0.08313205 0.05734415 0.22008822 0.0695246  0.05584819 0.05820563]\n",
      "[0.07975686 0.05253286 0.08427581 0.13046403 0.06205954 0.09642995\n",
      " 0.06746372 0.09899404 0.08195108 0.07710618 0.10247721 0.06648872]\n",
      "[0.07008213 0.06984647 0.06829398 0.1042179  0.06885251 0.09010148\n",
      " 0.09536611 0.06945679 0.0906152  0.08024714 0.11036737 0.08255289]\n",
      "[0.06903649 0.06941118 0.06717764 0.1058887  0.07009619 0.09130022\n",
      " 0.09848979 0.06848488 0.09291584 0.07593663 0.10865005 0.08261239]\n",
      "[0.07627041 0.05276649 0.08420825 0.13121317 0.06276138 0.09638595\n",
      " 0.0697392  0.09867036 0.08221163 0.07676973 0.10298523 0.0660182 ]\n",
      "[0.07138041 0.06863022 0.06647449 0.10434904 0.06998127 0.09256039\n",
      " 0.09341151 0.06952671 0.09163872 0.0779086  0.11059878 0.08353987]\n",
      "[0.07913463 0.05313918 0.08746735 0.12669046 0.06402908 0.0938215\n",
      " 0.06810418 0.10143038 0.0812544  0.07602087 0.10087216 0.06803581]\n",
      "[0.07828921 0.05363891 0.08417759 0.13627235 0.06191373 0.09428353\n",
      " 0.06731927 0.09981584 0.08090231 0.07432473 0.10161341 0.06744914]\n",
      "[0.07030226 0.06930832 0.06710611 0.10704962 0.06868653 0.0900824\n",
      " 0.09480181 0.06883039 0.0936251  0.0778424  0.11041964 0.08194541]\n",
      "[0.07659588 0.05199113 0.09389273 0.10604182 0.048793   0.09094906\n",
      " 0.07380629 0.11832613 0.09179275 0.0726231  0.11342303 0.06176509]\n",
      "[0.07684762 0.05226593 0.09410926 0.11209013 0.05023914 0.09018057\n",
      " 0.07478813 0.11608821 0.08734385 0.07116964 0.11247851 0.062399  ]\n",
      "[0.07884697 0.05145132 0.09544047 0.11516974 0.04857399 0.08738989\n",
      " 0.07251441 0.11225329 0.08737547 0.07168448 0.11414339 0.06515659]\n",
      "[0.07112152 0.0824613  0.07277877 0.10357055 0.05752308 0.09817943\n",
      " 0.10039809 0.06412056 0.09580748 0.07363023 0.10300945 0.07739955]\n",
      "[0.07785991 0.05834766 0.09314817 0.11642181 0.06366186 0.09542954\n",
      " 0.06801876 0.11201552 0.0821345  0.07060727 0.10157032 0.06078468]\n",
      "[0.0678872  0.0611631  0.07624976 0.07069588 0.09156166 0.06569431\n",
      " 0.11044247 0.09232735 0.08128621 0.09014732 0.07136024 0.1211845 ]\n",
      "[0.06853471 0.05946978 0.07639397 0.07022386 0.09322393 0.06534159\n",
      " 0.10890446 0.09414771 0.07971985 0.09005395 0.07205446 0.12193175]\n",
      "[0.06742593 0.05855097 0.07614897 0.07047411 0.09421452 0.06326585\n",
      " 0.10856464 0.09537833 0.0815964  0.08981793 0.07151977 0.12304257]\n",
      "[0.07323436 0.07100346 0.07492108 0.0730665  0.10619839 0.06378063\n",
      " 0.10460039 0.08404463 0.0767977  0.09371687 0.06672563 0.11191037]\n",
      "[0.07314839 0.07353635 0.07636628 0.07374597 0.10525338 0.06397321\n",
      " 0.09777293 0.08417829 0.07920151 0.09479533 0.06255939 0.11546899]\n",
      "[0.07417161 0.07124239 0.07622254 0.07239832 0.10496494 0.06563231\n",
      " 0.0971572  0.08548442 0.07950982 0.09816201 0.06498539 0.11006905]\n",
      "[0.06693795 0.07094723 0.07610998 0.07039739 0.11473238 0.07481249\n",
      " 0.09558471 0.08676484 0.07603148 0.09427471 0.07272606 0.10068079]\n",
      "[0.06688161 0.06980581 0.07525446 0.06944201 0.11469401 0.07265936\n",
      " 0.09756543 0.08506397 0.07633361 0.09038006 0.07363787 0.1082818 ]\n",
      "[0.07097973 0.07216688 0.08062382 0.07759956 0.10178944 0.06943264\n",
      " 0.09361437 0.08216777 0.07094302 0.09283706 0.05956325 0.12828247]\n",
      "[0.10520152 0.06821452 0.0592736  0.12077865 0.06323419 0.09289242\n",
      " 0.05625921 0.08661374 0.12300246 0.05991286 0.10914532 0.05547149]\n",
      "[0.11816496 0.076746   0.0649725  0.11150411 0.05558456 0.09118416\n",
      " 0.05223125 0.08509741 0.13078373 0.05797184 0.10118795 0.05457152]\n",
      "[0.11489706 0.07373703 0.06340725 0.11438138 0.05354482 0.0921681\n",
      " 0.05160835 0.08691455 0.13872168 0.05917259 0.09982545 0.05162174]\n",
      "[0.11839611 0.07514338 0.06351833 0.11561609 0.05558599 0.08832515\n",
      " 0.05110347 0.08299555 0.13787717 0.05860002 0.09942742 0.05341134]\n",
      "[0.10659723 0.07408157 0.06496853 0.10916834 0.06440676 0.09765294\n",
      " 0.05746177 0.09488813 0.10881191 0.05208094 0.11659509 0.0532868 ]\n",
      "[0.09898255 0.08267615 0.07025167 0.11972622 0.06052018 0.09224453\n",
      " 0.05003239 0.08687181 0.12650494 0.05662146 0.0948265  0.0607416 ]\n",
      "[0.06051636 0.0597341  0.06726249 0.12803623 0.05772558 0.08510241\n",
      " 0.08556113 0.07960948 0.09629137 0.06985507 0.1202388  0.09006695]\n",
      "[0.04669229 0.07680941 0.05061714 0.13933585 0.09133147 0.0616564\n",
      " 0.13458976 0.06459022 0.07635478 0.05155332 0.08112025 0.1253491 ]\n",
      "[0.06128715 0.06016734 0.06765458 0.12252943 0.05700795 0.08642737\n",
      " 0.08392528 0.08246257 0.09594509 0.07198089 0.1206491  0.08996326]\n",
      "[0.04442975 0.0736523  0.04846966 0.10893488 0.06115454 0.05838395\n",
      " 0.17512768 0.07068239 0.09226078 0.04625652 0.08634808 0.13429947]\n",
      "[0.04580006 0.07376655 0.05057023 0.10902276 0.0580019  0.05911609\n",
      " 0.16785847 0.06975781 0.09045498 0.0463907  0.09240036 0.13686009]\n",
      "[0.06291833 0.06313923 0.0736969  0.12224913 0.05074948 0.094915\n",
      " 0.08712187 0.07859418 0.10691302 0.06293645 0.11082788 0.08593852]\n"
     ]
    },
    {
     "name": "stdout",
     "output_type": "stream",
     "text": [
      "[0.08998929 0.05698085 0.09516985 0.09309715 0.05643312 0.07989293\n",
      " 0.07909198 0.12808809 0.10092336 0.07099992 0.0747396  0.07459385]\n",
      "[0.04636175 0.08888768 0.05287062 0.10446623 0.07892807 0.07038436\n",
      " 0.14507571 0.06148803 0.088422   0.04806851 0.08148062 0.1335664 ]\n",
      "[0.08558354 0.0628433  0.09489329 0.09364683 0.06496041 0.08152449\n",
      " 0.07546818 0.12918567 0.08217897 0.06544256 0.08791046 0.0763623 ]\n",
      "[0.08110381 0.06285225 0.1627716  0.06702983 0.07456893 0.06259826\n",
      " 0.0817966  0.09373085 0.05444901 0.08533673 0.06321729 0.11054485]\n",
      "[0.0580327  0.07142313 0.07618068 0.07080649 0.11381326 0.07371735\n",
      " 0.11636944 0.09461372 0.06631764 0.08083278 0.07553951 0.1023533 ]\n",
      "[0.06050007 0.08927289 0.08380195 0.0698312  0.09671848 0.06496856\n",
      " 0.13186947 0.08402128 0.0666358  0.08370505 0.06713536 0.10153989]\n",
      "[0.06238941 0.08776914 0.08715318 0.06778328 0.09123002 0.0650236\n",
      " 0.13565083 0.08595514 0.06710815 0.08269714 0.06484129 0.10239883]\n",
      "[0.05865168 0.08186253 0.08204496 0.07066816 0.08805284 0.07439356\n",
      " 0.12888258 0.09754086 0.06972637 0.07412562 0.07210148 0.10194936]\n",
      "[0.10851637 0.08470798 0.06558733 0.11819403 0.05727755 0.08270914\n",
      " 0.05664926 0.08758737 0.1186915  0.05437492 0.10798726 0.05771728]\n",
      "[0.05324948 0.06841093 0.05514149 0.08847603 0.10654209 0.05326049\n",
      " 0.13025427 0.08088034 0.05416299 0.0713317  0.05508412 0.18320607]\n",
      "[0.07995965 0.06595252 0.06290308 0.10166191 0.07926239 0.09336869\n",
      " 0.0847152  0.07038889 0.09690359 0.09796194 0.09123686 0.07568527]\n",
      "[0.07013103 0.09334702 0.10841315 0.07147069 0.08655747 0.07405648\n",
      " 0.10195795 0.06515009 0.07093361 0.07314366 0.0711087  0.11373014]\n",
      "[0.11645463 0.05487186 0.07543265 0.08476037 0.06485822 0.09566065\n",
      " 0.0659273  0.09853071 0.11255812 0.07582993 0.08132608 0.07378948]\n",
      "[0.12101053 0.05530534 0.07629496 0.05841805 0.1293986  0.10863044\n",
      " 0.05425925 0.07826695 0.07554    0.09950362 0.06562797 0.07774429]\n",
      "[0.04292611 0.0907943  0.05086836 0.12907716 0.08281612 0.05044093\n",
      " 0.07194906 0.05310413 0.14023643 0.04478911 0.09996718 0.14303111]\n",
      "[0.08390866 0.07022371 0.09950097 0.06658023 0.08606017 0.08278504\n",
      " 0.07973991 0.09977208 0.0756033  0.08653392 0.08036911 0.08892289]\n",
      "[0.09388551 0.05119276 0.10265744 0.08521637 0.07158922 0.11134413\n",
      " 0.05955559 0.09602406 0.07067842 0.09071945 0.1011788  0.06595825]\n",
      "[0.09741805 0.09271677 0.06031357 0.09980061 0.05978942 0.12787442\n",
      " 0.08152755 0.06726793 0.09661142 0.06393127 0.0879375  0.06481148]\n",
      "[0.04665546 0.07535256 0.05020652 0.08306734 0.09002682 0.05348129\n",
      " 0.12890497 0.05473071 0.1207241  0.08621659 0.07392947 0.13670418]\n",
      "[0.04492952 0.10119173 0.10889577 0.04763825 0.09920407 0.04639897\n",
      " 0.14315955 0.08845556 0.0698137  0.10417569 0.04493538 0.1012018 ]\n",
      "[0.10734209 0.04204502 0.08310101 0.05400937 0.13620435 0.08725887\n",
      " 0.06457703 0.11552434 0.05995916 0.10735583 0.05213582 0.09048712]\n",
      "[0.10107423 0.0469676  0.10981536 0.07783459 0.05904962 0.11190012\n",
      " 0.06641467 0.0999637  0.05377991 0.10297364 0.1123579  0.05786869]\n",
      "[0.12812938 0.05021913 0.09014546 0.05545656 0.09861636 0.10593009\n",
      " 0.05575587 0.10156871 0.05698114 0.11346334 0.07633616 0.06739781]\n",
      "[0.12777352 0.0442296  0.10655558 0.05419044 0.08855093 0.10986288\n",
      " 0.04986484 0.10858494 0.05194327 0.11417755 0.08181476 0.06245168]\n",
      "[0.04951251 0.09150951 0.05208644 0.09184981 0.09914067 0.05719661\n",
      " 0.11096429 0.04753101 0.10164619 0.0917742  0.05967292 0.14711585]\n",
      "[0.04884287 0.09341332 0.05343796 0.09154903 0.09855164 0.05745759\n",
      " 0.10994885 0.04680509 0.10355982 0.09123369 0.05833058 0.14686957]\n",
      "[0.0869834  0.05210489 0.09399307 0.05412673 0.11779672 0.05840423\n",
      " 0.09384263 0.11710616 0.06107939 0.11167701 0.04916842 0.10371736]\n",
      "[0.09070757 0.05449226 0.11341327 0.05089684 0.0826357  0.06106556\n",
      " 0.10355128 0.1158077  0.05526887 0.10115864 0.05646842 0.11453389]\n",
      "[0.09007946 0.0564849  0.11165633 0.05124596 0.08381193 0.06023704\n",
      " 0.10468317 0.11554727 0.05491428 0.10076711 0.05648263 0.11408993]\n",
      "[0.09908327 0.06142957 0.10957819 0.05042803 0.1026156  0.05531309\n",
      " 0.09689601 0.1092302  0.05483155 0.11525456 0.04452926 0.10081066]\n",
      "[0.09061968 0.06713579 0.10828161 0.04979836 0.1057043  0.06397014\n",
      " 0.09201298 0.11084153 0.05659703 0.09903133 0.05037807 0.10562918]\n",
      "[0.08621769 0.06672517 0.10797129 0.05037495 0.10663819 0.061245\n",
      " 0.09580441 0.1111988  0.056205   0.10092871 0.05266676 0.10402401]\n",
      "[0.10510545 0.06728242 0.06007983 0.11793113 0.06803227 0.09673318\n",
      " 0.06117674 0.09873472 0.1149237  0.06132434 0.09408059 0.05459564]\n",
      "[0.0500419  0.08337872 0.05916219 0.12927956 0.07146114 0.06533266\n",
      " 0.07078675 0.07692358 0.14965061 0.0516051  0.10512277 0.08725502]\n",
      "[0.06407875 0.08268024 0.06234121 0.12034308 0.06201806 0.08109181\n",
      " 0.09131371 0.06347259 0.12910454 0.05462893 0.09851282 0.09041425]\n",
      "[0.10070065 0.04545636 0.08798671 0.08996522 0.0861918  0.10269029\n",
      " 0.05693246 0.10486309 0.06220004 0.10894446 0.09649616 0.05757277]\n",
      "[0.09141209 0.09260468 0.05630252 0.08616616 0.06661657 0.12310632\n",
      " 0.07472359 0.06725131 0.09858823 0.06543344 0.11703738 0.0607577 ]\n",
      "[0.1057618  0.04875131 0.10252608 0.09729435 0.05710667 0.09247097\n",
      " 0.06402305 0.10885769 0.07810033 0.08809432 0.08015885 0.06635874]\n",
      "[0.12186162 0.0437391  0.09334093 0.08838904 0.06773331 0.09868731\n",
      " 0.06120412 0.1164293  0.08957871 0.06792931 0.07559042 0.07551682]\n",
      "[0.0766978  0.09482263 0.04932472 0.10948453 0.0638545  0.09277623\n",
      " 0.11308736 0.05253728 0.14607362 0.05792999 0.07468776 0.06872357]\n",
      "[0.08022383 0.05024438 0.09113451 0.09679018 0.07483543 0.11949043\n",
      " 0.07201127 0.09052505 0.09086222 0.06493295 0.09717261 0.07177715]\n",
      "[0.0793835  0.05999728 0.11625835 0.05511728 0.09377167 0.05029951\n",
      " 0.09484903 0.0987867  0.06234446 0.1012241  0.04763083 0.14033729]\n",
      "[0.07629279 0.05328164 0.13395769 0.07748506 0.06235299 0.11490416\n",
      " 0.06105031 0.11683598 0.05900934 0.08935841 0.09543183 0.06003978]\n",
      "[0.06832807 0.0857555  0.07157909 0.10315421 0.07511435 0.1053757\n",
      " 0.0913023  0.06313364 0.08466723 0.08151601 0.07472721 0.09534671]\n",
      "[0.0867976  0.05722995 0.08908839 0.09282439 0.06233213 0.07595849\n",
      " 0.09853358 0.10111903 0.09826771 0.07014893 0.08302922 0.08467057]\n",
      "[0.0902773  0.06660629 0.09129992 0.09756104 0.07499394 0.07639375\n",
      " 0.08644833 0.09252648 0.09508148 0.07557356 0.06882802 0.0844099 ]\n",
      "[0.09257303 0.06674786 0.094225   0.10400096 0.0781924  0.083341\n",
      " 0.07694558 0.09006768 0.08729674 0.06741336 0.0600638  0.0991326 ]\n",
      "[0.09277608 0.06979904 0.09419459 0.09857524 0.07302641 0.08479708\n",
      " 0.07895625 0.09118557 0.09115065 0.0670884  0.06292083 0.09552986]\n",
      "[0.07157151 0.08359107 0.07102745 0.09450735 0.07181879 0.09256784\n",
      " 0.11048419 0.06986713 0.07832922 0.0765683  0.09411565 0.0855515 ]\n",
      "[0.11137914 0.06104576 0.05647353 0.09322699 0.06637042 0.13365309\n",
      " 0.06399766 0.08594387 0.1396286  0.05402972 0.07218054 0.06207069]\n",
      "[0.07455914 0.05673734 0.11070374 0.07672758 0.05332112 0.08414098\n",
      " 0.08029662 0.11968087 0.06260695 0.08773187 0.1296013  0.06389249]\n",
      "[0.0813796  0.09455741 0.07197147 0.06995542 0.07158066 0.06561448\n",
      " 0.10895227 0.07030911 0.10928008 0.11997949 0.06073955 0.07568045]\n",
      "[0.0776941  0.05666316 0.10848967 0.07713471 0.05904722 0.08413895\n",
      " 0.07696563 0.12618356 0.06297737 0.09659742 0.11300719 0.06110103]\n",
      "[0.07840322 0.06018193 0.11539457 0.0786148  0.06789565 0.09202665\n",
      " 0.07408602 0.11267438 0.05997488 0.08704011 0.11115695 0.06255084]\n",
      "[0.06478284 0.08882251 0.07007412 0.08528132 0.07887179 0.09643344\n",
      " 0.13092553 0.05854375 0.08233656 0.06044889 0.08071986 0.10275939]\n",
      "[0.08196554 0.11381198 0.05544575 0.07813613 0.06001923 0.1122662\n",
      " 0.08346434 0.06226533 0.14275147 0.07279319 0.06920206 0.06787876]\n",
      "[0.0482475  0.08012809 0.09205284 0.04239168 0.0739485  0.05981433\n",
      " 0.19631323 0.07285242 0.04916119 0.06801303 0.07335129 0.1437259 ]\n",
      "[0.09266848 0.06813571 0.0801694  0.07391135 0.08689337 0.1174935\n",
      " 0.0853386  0.09576304 0.09447166 0.06433304 0.05807339 0.08274846]\n",
      "[0.06655245 0.1467357  0.06793994 0.0772902  0.07679548 0.08268449\n",
      " 0.10042013 0.05013976 0.09868764 0.07514848 0.06454347 0.09306227]\n",
      "[0.09745957 0.10882258 0.05106476 0.10787659 0.04712139 0.10020784\n",
      " 0.0933309  0.0616586  0.13649201 0.05818603 0.08551002 0.0522697 ]\n",
      "[0.10563034 0.07596372 0.06595194 0.09594137 0.0631783  0.10213722\n",
      " 0.05155153 0.1003826  0.11916698 0.05478467 0.10907608 0.05623525]\n"
     ]
    },
    {
     "name": "stdout",
     "output_type": "stream",
     "text": [
      "[0.09543688 0.07437255 0.07472159 0.10060814 0.05770715 0.09735322\n",
      " 0.06026935 0.09346821 0.1351393  0.06143646 0.09090866 0.05857849]\n"
     ]
    },
    {
     "data": {
      "text/html": [
       "<div>\n",
       "<style scoped>\n",
       "    .dataframe tbody tr th:only-of-type {\n",
       "        vertical-align: middle;\n",
       "    }\n",
       "\n",
       "    .dataframe tbody tr th {\n",
       "        vertical-align: top;\n",
       "    }\n",
       "\n",
       "    .dataframe thead th {\n",
       "        text-align: right;\n",
       "    }\n",
       "</style>\n",
       "<table border=\"1\" class=\"dataframe\">\n",
       "  <thead>\n",
       "    <tr style=\"text-align: right;\">\n",
       "      <th></th>\n",
       "      <th>A</th>\n",
       "      <th>A#</th>\n",
       "      <th>B</th>\n",
       "      <th>C</th>\n",
       "      <th>C#</th>\n",
       "      <th>D</th>\n",
       "      <th>D#</th>\n",
       "      <th>E</th>\n",
       "      <th>F</th>\n",
       "      <th>F#</th>\n",
       "      <th>G</th>\n",
       "      <th>G#</th>\n",
       "    </tr>\n",
       "  </thead>\n",
       "  <tbody>\n",
       "    <tr>\n",
       "      <th>8</th>\n",
       "      <td>0.0803437</td>\n",
       "      <td>0.063793</td>\n",
       "      <td>0.0768133</td>\n",
       "      <td>0.0732304</td>\n",
       "      <td>0.116024</td>\n",
       "      <td>0.0625009</td>\n",
       "      <td>0.0861044</td>\n",
       "      <td>0.0910987</td>\n",
       "      <td>0.0751045</td>\n",
       "      <td>0.0857017</td>\n",
       "      <td>0.0626328</td>\n",
       "      <td>0.126653</td>\n",
       "    </tr>\n",
       "    <tr>\n",
       "      <th>9</th>\n",
       "      <td>0.0689926</td>\n",
       "      <td>0.0672908</td>\n",
       "      <td>0.0646549</td>\n",
       "      <td>0.091151</td>\n",
       "      <td>0.118409</td>\n",
       "      <td>0.0580891</td>\n",
       "      <td>0.0738329</td>\n",
       "      <td>0.0675813</td>\n",
       "      <td>0.122189</td>\n",
       "      <td>0.095352</td>\n",
       "      <td>0.0630416</td>\n",
       "      <td>0.109416</td>\n",
       "    </tr>\n",
       "    <tr>\n",
       "      <th>34</th>\n",
       "      <td>0.0519003</td>\n",
       "      <td>0.0806738</td>\n",
       "      <td>0.105082</td>\n",
       "      <td>0.0500887</td>\n",
       "      <td>0.115675</td>\n",
       "      <td>0.051471</td>\n",
       "      <td>0.110022</td>\n",
       "      <td>0.0811642</td>\n",
       "      <td>0.0613269</td>\n",
       "      <td>0.13904</td>\n",
       "      <td>0.0432982</td>\n",
       "      <td>0.110259</td>\n",
       "    </tr>\n",
       "    <tr>\n",
       "      <th>62</th>\n",
       "      <td>0.108328</td>\n",
       "      <td>0.0888835</td>\n",
       "      <td>0.0793374</td>\n",
       "      <td>0.0580683</td>\n",
       "      <td>0.106662</td>\n",
       "      <td>0.0853214</td>\n",
       "      <td>0.10244</td>\n",
       "      <td>0.0777145</td>\n",
       "      <td>0.0667672</td>\n",
       "      <td>0.0817177</td>\n",
       "      <td>0.0743195</td>\n",
       "      <td>0.0704403</td>\n",
       "    </tr>\n",
       "    <tr>\n",
       "      <th>68</th>\n",
       "      <td>0.0570065</td>\n",
       "      <td>0.067678</td>\n",
       "      <td>0.0734636</td>\n",
       "      <td>0.0788251</td>\n",
       "      <td>0.111224</td>\n",
       "      <td>0.0761047</td>\n",
       "      <td>0.0761938</td>\n",
       "      <td>0.0797061</td>\n",
       "      <td>0.0996578</td>\n",
